seq01_01/frame_000000 -0.00513527272974 -0.00513527272974 0.7070881338093513 -0.7070881338093513 1.8543652201794127 1.0 1.2517766293428787
seq01_01/frame_000001 0.5706377132964892 0.5706377132964892 -0.41757945371360616 0.41757945371360616 -1.8753679333162199 1.0 0.8998729892274315
seq01_01/frame_000002 -0.09662910771459142 -0.09662910771459142 0.7004732796775919 -0.7004732796775919 1.432858322107329 1.0 0.775385814326137
seq01_01/frame_000003 0.34004597698589534 0.34004597698589534 0.6199747845966866 -0.6199747845966866 2.165004513479345 1.0 3.117525070690043
seq01_01/frame_000004 -0.16314294538729687 -0.16314294538729687 0.6880293448468295 -0.6880293448468295 1.058642078156264 1.0 1.3117957103062419
seq01_01/frame_000005 0.5731305437673726 0.5731305437673726 -0.4141513971978314 0.4141513971978314 -1.8916744180333323 1.0 1.0030603114531145
seq01_01/frame_000006 -0.15736743312016852 -0.15736743312016852 0.6893732595576719 -0.6893732595576719 1.0931782737147078 1.0 0.1463388817332951
seq01_01/frame_000007 0.1729717840502532 0.1729717840502532 0.6856243591956696 -0.6856243591956696 2.30130430106352 1.0 2.07608545550025
seq01_01/frame_000008 0.6996118735767697 0.6996118735767697 0.10268021401614869 -0.10268021401614869 -1.4010287866873643 1.0 3.9774934481654762
seq01_01/frame_000009 0.6365319548949541 0.6365319548949541 0.30794004351108367 -0.30794004351108367 -0.08727208479215035 1.0 4.624375238141687
seq01_01/frame_000010 -0.494016986639176 -0.494016986639176 0.5059122620691737 -0.5059122620691737 -1.3276457563790198 1.0 -0.1710648649076552
seq01_01/frame_000011 0.3477749057441048 0.3477749057441048 0.6156724899934046 -0.6156724899934046 2.1432382884564722 1.0 3.4304536246573902
seq01_01/frame_000012 0.7045954524069851 0.7045954524069851 -0.05954198894390496 0.05954198894390496 -2.078260472904362 1.0 2.6711657882245126
seq01_01/frame_000013 0.7070503374490061 0.7070503374490061 -0.00893422146840147 0.00893422146840147 -1.9085841987589147 1.0 4.153716406319483
seq01_01/frame_000014 0.6601154998048867 0.6601154998048867 -0.2534709587257378 0.2534709587257378 -2.311443659938095 1.0 2.2947554106857884
seq01_01/frame_000015 -0.008642856558212182 -0.008642856558212182 0.7070539590657238 -0.7070539590657238 1.8403870866163659 1.0 1.0156739845150933
seq01_01/frame_000016 0.6680106247729465 0.6680106247729465 0.23186592071811155 -0.23186592071811155 -0.6209751916307583 1.0 3.862768596884101
seq01_01/frame_000017 0.6898423622347365 0.6898423622347365 0.15529814959103175 -0.15529814959103175 -1.1054616981148535 1.0 4.1275013198208255
seq01_01/frame_000018 0.400461890908606 0.400461890908606 0.5827780657590879 -0.5827780657590879 1.9534240533435776 1.0 3.337736349439947
